6.00  0.9999999980
5.98  0.9999999979
5.96  0.9999999978
5.94  0.9999999976
5.92  0.9999999974
5.90  0.9999999972
5.88  0.9999999970
5.86  0.9999999967
5.84  0.9999999964
5.82  0.9999999961
5.80  0.9999999957
5.78  0.9999999953
5.76  0.9999999948
5.74  0.9999999943
5.72  0.9999999937
5.70  0.9999999930
5.68  0.9999999923
5.66  0.9999999914
5.64  0.9999999905
5.62  0.9999999895
5.60  0.9999999883
5.58  0.9999999870
5.56  0.9999999855
5.54  0.9999999839
5.52  0.9999999821
5.50  0.9999999800
5.48  0.9999999777
5.46  0.9999999752
5.44  0.9999999724
5.42  0.9999999692
5.40  0.9999999657
5.38  0.9999999618
5.36  0.9999999574
5.34  0.9999999525
5.32  0.9999999471
5.30  0.9999999411
5.28  0.9999999344
5.26  0.9999999270
5.24  0.9999999187
5.22  0.9999999096
5.20  0.9999998994
5.18  0.9999998881
5.16  0.9999998755
5.14  0.9999998616
5.12  0.9999998462
5.10  0.9999998292
5.08  0.9999998103
5.06  0.9999997894
5.04  0.9999997662
5.02  0.9999997407
5.00  0.9999997124
4.98  0.9999996811
4.96  0.9999996465
4.94  0.9999996084
4.92  0.9999995663
4.90  0.9999995198
4.88  0.9999994686
4.86  0.9999994121
4.84  0.9999993498
4.82  0.9999992812
4.80  0.9999992057
4.78  0.9999991225
4.76  0.9999990310
4.74  0.9999989304
4.72  0.9999988198
4.70  0.9999986982
4.68  0.9999985646
4.66  0.9999984180
4.64  0.9999982570
4.62  0.9999980803
4.60  0.9999978866
4.58  0.9999976741
4.56  0.9999974413
4.54  0.9999971863
4.52  0.9999969070
4.50  0.9999966013
4.48  0.9999962669
4.46  0.9999959010
4.44  0.9999955011
4.42  0.9999950640
4.40  0.9999945865
4.38  0.9999940650
4.36  0.9999934959
4.34  0.9999928749
4.32  0.9999921976
4.30  0.9999914591
4.28  0.9999906543
4.26  0.9999897777
4.24  0.9999888230
4.22  0.9999877839
4.20  0.9999866533
4.18  0.9999854236
4.16  0.9999840866
4.14  0.9999826337
4.12  0.9999810554
4.10  0.9999793415
4.08  0.9999774812
4.06  0.9999754627
4.04  0.9999732734
4.02  0.9999708999
4.00  0.9999683278
3.98  0.9999655414
3.96  0.9999625241
3.94  0.9999592582
3.92  0.9999557245
3.90  0.9999519027
3.88  0.9999477708
3.86  0.9999433055
3.84  0.9999384819
3.82  0.9999332732
3.80  0.9999276510
3.78  0.9999215848
3.76  0.9999150423
3.74  0.9999079889
3.72  0.9999003876
3.70  0.9998921993
3.68  0.9998833820
3.66  0.9998738914
3.64  0.9998636800
3.62  0.9998526975
3.60  0.9998408904
3.58  0.9998282019
3.56  0.9998145716
3.54  0.9997999355
3.52  0.9997842256
3.50  0.9997673699
3.48  0.9997492921
3.46  0.9997299113
3.44  0.9997091419
3.42  0.9996868933
3.40  0.9996630697
3.38  0.9996375699
3.36  0.9996102866
3.34  0.9995811071
3.32  0.9995499118
3.30  0.9995165749
3.28  0.9994809636
3.26  0.9994429379
3.24  0.9994023505
3.22  0.9993590460
3.20  0.9993128611
3.18  0.9992636237
3.16  0.9992111533
3.14  0.9991552598
3.12  0.9990957438
3.10  0.9990323958
3.08  0.9989649960
3.06  0.9988933140
3.04  0.9988171083
3.02  0.9987361256
3.00  0.9986501010
2.98  0.9985587571
2.96  0.9984618038
2.94  0.9983589378
2.92  0.9982498421
2.90  0.9981341857
2.88  0.9980116231
2.86  0.9978817940
2.84  0.9977443223
2.82  0.9975988165
2.80  0.9974448687
2.78  0.9972820541
2.76  0.9971099309
2.74  0.9969280398
2.72  0.9967359032
2.70  0.9965330252
2.68  0.9963188910
2.66  0.9960929664
2.64  0.9958546976
2.62  0.9956035106
2.60  0.9953388110
2.58  0.9950599832
2.56  0.9947663908
2.54  0.9944573755
2.52  0.9941322573
2.50  0.9937903337
2.48  0.9934308799
2.46  0.9930531482
2.44  0.9926563680
2.42  0.9922397454
2.40  0.9918024631
2.38  0.9913436800
2.36  0.9908625314
2.34  0.9903581290
2.32  0.9898295603
2.30  0.9892758890
2.28  0.9886961547
2.26  0.9880893736
2.24  0.9874545375
2.22  0.9867906152
2.20  0.9860965515
2.18  0.9853712682
2.16  0.9846136642
2.14  0.9838226156
2.12  0.9829969763
2.10  0.9821355784
2.08  0.9812372325
2.06  0.9803007286
2.04  0.9793248361
2.02  0.9783083052
2.00  0.9772498670
1.98  0.9761482346
1.96  0.9750021038
1.94  0.9738101540
1.92  0.9725710492
1.90  0.9712834391
1.88  0.9699459600
1.86  0.9685572360
1.84  0.9671158803
1.82  0.9656204965
1.80  0.9640696798
1.78  0.9624620186
1.76  0.9607960957
1.74  0.9590704900
1.72  0.9572837781
1.70  0.9554345362
1.68  0.9535213411
1.66  0.9515427727
1.64  0.9494974155
1.62  0.9473838605
1.60  0.9452007072
1.58  0.9429465657
1.56  0.9406200583
1.54  0.9382198222
1.52  0.9357445111
1.50  0.9331927977
1.48  0.9305633756
1.46  0.9278549620
1.44  0.9250662994
1.42  0.9221961584
1.40  0.9192433397
1.38  0.9162066765
1.36  0.9130850370
1.34  0.9098773265
1.32  0.9065824899
1.30  0.9031995143
1.28  0.8997274310
1.26  0.8961653178
1.24  0.8925123018
1.22  0.8887675615
1.20  0.8849303287
1.18  0.8809998915
1.16  0.8769755959
1.14  0.8728568483
1.12  0.8686431179
1.10  0.8643339380
1.08  0.8599289088
1.06  0.8554276992
1.04  0.8508300486
1.02  0.8461357685
1.00  0.8413447450
0.98  0.8364569396
0.96  0.8314723914
0.94  0.8263912186
0.92  0.8212136193
0.90  0.8159398736
0.88  0.8105703441
0.86  0.8051054777
0.84  0.7995458057
0.82  0.7938919453
0.80  0.7881446003
0.78  0.7823045613
0.76  0.7763727065
0.74  0.7703500018
0.72  0.7642375012
0.70  0.7580363467
0.68  0.7517477685
0.66  0.7453730843
0.64  0.7389136992
0.62  0.7323711055
0.60  0.7257468812
0.58  0.7190426900
0.56  0.7122602801
0.54  0.7054014827
0.52  0.6984682114
0.50  0.6914624602
0.48  0.6843863024
0.46  0.6772418887
0.44  0.6700314453
0.42  0.6627572721
0.40  0.6554217406
0.38  0.6480272914
0.36  0.6405764322
0.34  0.6330717350
0.32  0.6255158337
0.30  0.6179114212
0.28  0.6102612465
0.26  0.6025681122
0.24  0.5948348707
0.22  0.5870644216
0.20  0.5792597084
0.18  0.5714237149
0.16  0.5635594619
0.14  0.5556700038
0.12  0.5477584250
0.10  0.5398278363
0.08  0.5318813710
0.06  0.5239221817
0.04  0.5159534359
0.02  0.5079783127
0.00  0.4999999990
-0.02  0.4920216853
-0.04  0.4840465622
-0.06  0.4760778164
-0.08  0.4681186270
-0.10  0.4601721617
-0.12  0.4522415730
-0.14  0.4443299942
-0.16  0.4364405361
-0.18  0.4285762831
-0.20  0.4207402896
-0.22  0.4129355764
-0.24  0.4051651273
-0.26  0.3974318858
-0.28  0.3897387515
-0.30  0.3820885769
-0.32  0.3744841643
-0.34  0.3669282630
-0.36  0.3594235658
-0.38  0.3519727066
-0.40  0.3445782574
-0.42  0.3372427259
-0.44  0.3299685527
-0.46  0.3227581093
-0.48  0.3156136956
-0.50  0.3085375378
-0.52  0.3015317866
-0.54  0.2945985153
-0.56  0.2877397179
-0.58  0.2809573080
-0.60  0.2742531168
-0.62  0.2676288925
-0.64  0.2610862988
-0.66  0.2546269137
-0.68  0.2482522295
-0.70  0.2419636513
-0.72  0.2357624968
-0.74  0.2296499962
-0.76  0.2236272915
-0.78  0.2176954367
-0.80  0.2118553976
-0.82  0.2061080527
-0.84  0.2004541923
-0.86  0.1948945203
-0.88  0.1894296538
-0.90  0.1840601244
-0.92  0.1787863787
-0.94  0.1736087794
-0.96  0.1685276065
-0.98  0.1635430584
-1.00  0.1586552530
-1.02  0.1538642294
-1.04  0.1491699494
-1.06  0.1445722987
-1.08  0.1400710892
-1.10  0.1356660600
-1.12  0.1313568801
-1.14  0.1271431496
-1.16  0.1230244021
-1.18  0.1190001065
-1.20  0.1150696693
-1.22  0.1112324365
-1.24  0.1074876961
-1.26  0.1038346802
-1.28  0.1002725670
-1.30  0.0968004836
-1.32  0.0934175080
-1.34  0.0901226715
-1.36  0.0869149610
-1.38  0.0837933215
-1.40  0.0807566583
-1.42  0.0778038396
-1.44  0.0749336986
-1.46  0.0721450360
-1.48  0.0694366224
-1.50  0.0668072003
-1.52  0.0642554869
-1.54  0.0617801758
-1.56  0.0593799396
-1.58  0.0570534323
-1.60  0.0547992907
-1.62  0.0526161375
-1.64  0.0505025825
-1.66  0.0484572253
-1.68  0.0464786569
-1.70  0.0445654618
-1.72  0.0427162198
-1.74  0.0409295080
-1.76  0.0392039023
-1.78  0.0375379794
-1.80  0.0359303181
-1.82  0.0343795015
-1.84  0.0328841177
-1.86  0.0314427620
-1.88  0.0300540380
-1.90  0.0287165588
-1.92  0.0274289487
-1.94  0.0261898440
-1.96  0.0249978942
-1.98  0.0238517634
-2.00  0.0227501310
-2.02  0.0216916928
-2.04  0.0206751619
-2.06  0.0196992694
-2.08  0.0187627655
-2.10  0.0178644196
-2.12  0.0170030217
-2.14  0.0161773824
-2.16  0.0153863338
-2.18  0.0146287298
-2.20  0.0139034465
-2.22  0.0132093828
-2.24  0.0125454605
-2.26  0.0119106244
-2.28  0.0113038433
-2.30  0.0107241090
-2.32  0.0101704377
-2.34  0.0096418690
-2.36  0.0091374666
-2.38  0.0086563180
-2.40  0.0081975349
-2.42  0.0077602526
-2.44  0.0073436300
-2.46  0.0069468498
-2.48  0.0065691182
-2.50  0.0062096643
-2.52  0.0058677407
-2.54  0.0055426225
-2.56  0.0052336072
-2.58  0.0049400148
-2.60  0.0046611870
-2.62  0.0043964874
-2.64  0.0041453004
-2.66  0.0039070316
-2.68  0.0036811070
-2.70  0.0034669728
-2.72  0.0032640948
-2.74  0.0030719582
-2.76  0.0028900671
-2.78  0.0027179439
-2.80  0.0025551293
-2.82  0.0024011815
-2.84  0.0022556757
-2.86  0.0021182041
-2.88  0.0019883749
-2.90  0.0018658123
-2.92  0.0017501559
-2.94  0.0016410602
-2.96  0.0015381942
-2.98  0.0014412409
-3.00  0.0013498970
-3.02  0.0012638724
-3.04  0.0011828898
-3.06  0.0011066840
-3.08  0.0010350020
-3.10  0.0009676022
-3.12  0.0009042542
-3.14  0.0008447382
-3.16  0.0007888447
-3.18  0.0007363743
-3.20  0.0006871370
-3.22  0.0006409520
-3.24  0.0005976475
-3.26  0.0005570601
-3.28  0.0005190344
-3.30  0.0004834232
-3.32  0.0004500863
-3.34  0.0004188910
-3.36  0.0003897114
-3.38  0.0003624282
-3.40  0.0003369283
-3.42  0.0003131047
-3.44  0.0002908561
-3.46  0.0002700867
-3.48  0.0002507059
-3.50  0.0002326281
-3.52  0.0002157724
-3.54  0.0002000625
-3.56  0.0001854264
-3.58  0.0001717961
-3.60  0.0001591076
-3.62  0.0001473005
-3.64  0.0001363180
-3.66  0.0001261066
-3.68  0.0001166160
-3.70  0.0001077987
-3.72  0.0000996104
-3.74  0.0000920091
-3.76  0.0000849557
-3.78  0.0000784132
-3.80  0.0000723471
-3.82  0.0000667249
-3.84  0.0000615162
-3.86  0.0000566925
-3.88  0.0000522272
-3.90  0.0000480954
-3.92  0.0000442735
-3.94  0.0000407398
-3.96  0.0000374739
-3.98  0.0000344566
-4.00  0.0000316703
-4.02  0.0000290981
-4.04  0.0000267246
-4.06  0.0000245354
-4.08  0.0000225169
-4.10  0.0000206565
-4.12  0.0000189426
-4.14  0.0000173643
-4.16  0.0000159114
-4.18  0.0000145745
-4.20  0.0000133448
-4.22  0.0000122141
-4.24  0.0000111750
-4.26  0.0000102204
-4.28  0.0000093437
-4.30  0.0000085389
-4.32  0.0000078005
-4.34  0.0000071231
-4.36  0.0000065021
-4.38  0.0000059330
-4.40  0.0000054116
-4.42  0.0000049341
-4.44  0.0000044970
-4.46  0.0000040970
-4.48  0.0000037312
-4.50  0.0000033967
-4.52  0.0000030910
-4.54  0.0000028117
-4.56  0.0000025567
-4.58  0.0000023239
-4.60  0.0000021115
-4.62  0.0000019177
-4.64  0.0000017411
-4.66  0.0000015801
-4.68  0.0000014334
-4.70  0.0000012998
-4.72  0.0000011782
-4.74  0.0000010676
-4.76  0.0000009670
-4.78  0.0000008755
-4.80  0.0000007923
-4.82  0.0000007168
-4.84  0.0000006482
-4.86  0.0000005859
-4.88  0.0000005294
-4.90  0.0000004782
-4.92  0.0000004317
-4.94  0.0000003896
-4.96  0.0000003515
-4.98  0.0000003169
-5.00  0.0000002857
-5.02  0.0000002574
-5.04  0.0000002318
-5.06  0.0000002086
-5.08  0.0000001877
-5.10  0.0000001688
-5.12  0.0000001518
-5.14  0.0000001364
-5.16  0.0000001225
-5.18  0.0000001100
-5.20  0.0000000987
-5.22  0.0000000885
-5.24  0.0000000793
-5.26  0.0000000710
-5.28  0.0000000636
-5.30  0.0000000569
-5.32  0.0000000509
-5.34  0.0000000455
-5.36  0.0000000406
-5.38  0.0000000363
-5.40  0.0000000323
-5.42  0.0000000288
-5.44  0.0000000257
-5.46  0.0000000228
-5.48  0.0000000203
-5.50  0.0000000180
-5.52  0.0000000160
-5.54  0.0000000141
-5.56  0.0000000125
-5.58  0.0000000110
-5.60  0.0000000097
-5.62  0.0000000086
-5.64  0.0000000075
-5.66  0.0000000066
-5.68  0.0000000057
-5.70  0.0000000050
-5.72  0.0000000043
-5.74  0.0000000037
-5.76  0.0000000032
-5.78  0.0000000027
-5.80  0.0000000023
-5.82  0.0000000020
-5.84  0.0000000016
-5.86  0.0000000013
-5.88  0.0000000011
-5.90  0.0000000008
-5.92  0.0000000006
-5.94  0.0000000004
-5.96  0.0000000003
-5.98  0.0000000001
-6.00  0.0000000000
